Point_Process_Model/Dist2sealRoads.asc
ncols         35
nrows         88
xllcorner     7704234.0634484
yllcorner     -3936044.8424858
cellsize      1000
NODATA_value  -9999
[rows 0 to 52 of 88, columns 0 to 34 of 35]
24.56971 229.5162 530.3524 9.41061 70.88107 10.6157 202.4783 140.5509 139.5092 420.8667 162.6004 371.1411 90.36069 96.66934 71.10701 33.48046 158.9797 298.4334 280.8933 241.3461 8.372625 67.96382 97.11395 22.75784 0.8779483 40.83891 165.911 54.07022 44.38706 72.15978 393.3694 107.6537 127.9838 42.62819 42.67858
0.5679914 202.6352 439.228 367.8672 282.7047 217.3703 142.0631 79.06269 30.29886 26.73388 85.58523 144.0822 91.07823 110.3183 54.70631 3.631751 121.8169 193.366 314.3472 23.77869 165.831 70.72444 49.26122 31.73079 118.0211 69.60159 85.9359 98.98846 167.2616 198.4381 529.3248 35.46618 137.5101 23.70413 79.22047
177.3548 486.8918 414.2296 446.315 190.2163 116.1762 343.525 332.8441 51.16146 320.7141 26.7316 171.3309 125.4064 372.1637 319.4819 39.69769 105.5028 19.30814 156.0727 63.93381 212.3416 9.228876 225.6826 120.9337 20.64502 85.43851 50.09363 135.7164 123.3599 102.4612 104.5985 60.59208 50.73306 27.71949 176.1933
393.4386 668.8289 579.5002 494.2665 127.6875 79.562 156.5895 143.9425 72.67597 600.4421 300.1458 218.3483 341.0771 216.9638 26.88142 181.5471 133.0183 290.8432 665.2585 513.2515 102.8621 165.4894 110.1392 146.0418 108.2589 71.2613 222.2637 37.90637 5.462966 56.61538 231.6775 544.1985 55.36916 9.093885 216.0795
243.5022 1045.216 526.0302 342.1754 391.9482 177.1422 292.4546 29.89719 53.97295 114.0815 189.5161 343.9562 60.47149 284.9651 84.47966 281.5032 101.6387 18.7707 323.8912 283.1518 44.20103 80.96545 193.2698 54.73224 293.5084 41.32412 62.68571 310.8439 203.4539 266.6004 146.3071 197.2154 70.35689 43.87286 45.97349
391.9846 1147.517 418.9448 543.18 141.1113 202.8706 45.16694 52.71942 34.64689 85.43043 10.96325 3.505142 137.8951 108.9158 243.7689 136.3565 103.7916 121.7629 280.9663 129.5375 71.57207 105.5641 58.58205 119.5752 26.91631 79.62012 54.96791 185.6528 23.26509 196.8349 223.5329 80.08141 34.24557 19.94319 52.2911
-9999 311.2888 240.1519 171.9115 91.01262 87.18434 69.05852 98.95892 311.1256 330.8719 123.9324 81.25716 157.8013 33.45712 341.4183 189.8293 331.0934 325.1622 111.381 18.38146 132.4904 98.31904 294.8229 11.78752 275.3618 91.09669 95.68668 27.50806 194.94 207.2444 45.43318 9.15432 71.41194 436.833 48.56246
-9999 35.28312 638.5816 227.1072 176.2539 33.69424 129.808 103.963 119.8643 117.9142 196.6317 45.10227 148.613 34.10301 12.39776 129.0404 149.1827 117.3073 92.46543 17.20661 158.8967 153.1709 369.0518 92.44069 70.44492 25.04483 147.5373 276.6559 317.2138 303.4244 260.2316 66.46837 280.2568 145.5063 138.7853
-9999 52.27416 224.9755 19.36255 604.3129 224.7148 62.8509 200.5749 48.13737 54.13943 182.6998 287.3102 500.8205 60.03269 54.0349 480.9602 17.23012 196.8832 162.3393 180.4457 0.312287 192.2491 126.0986 75.87204 108.7683 151.0277 17.4527 241.0074 151.5258 25.70626 20.97149 37.76395 11.91384 10.9517 94.96511
-9999 -9999 166.2162 346.5087 351.5206 481.6605 206.5799 232.5885 190.3057 188.6303 107.8273 84.37482 40.04578 225.2042 469.6721 59.51125 185.9612 105.8589 152.7429 32.67418 274.6353 302.9768 56.38464 12.36594 58.10337 3.011414 10.88747 2.406326 233.5075 246.4523 392.8899 249.3395 100.1889 56.28805 47.28039
-9999 -9999 65.17368 1.273233 302.9068 372.8565 228.3318 55.62318 112.485 244.531 121.9748 41.80704 339.4422 12.92898 374.5474 162.4837 302.8182 52.666 2.265631 7.565397 49.03329 67.55745 191.7737 23.97828 86.55724 72.04246 181.4821 59.13761 183.2042 227.0352 51.67215 605.4962 156.0778 14.45708 133.9794
-9999 -9999 195.9473 132.5048 124.5879 191.6475 57.29303 35.73932 85.73267 75.03365 137.9673 339.1124 245.8317 357.5585 331.5682 582.1792 139.2995 245.2378 162.9652 185.4067 192.5637 13.97928 112.3298 177.7602 61.80225 81.78638 268.8577 251.7858 16.12648 1.912234 29.62247 172.7568 87.52418 158.4914 168.1148
-9999 -9999 -9999 634.01 584.4954 194.1073 2.630727 81.23315 262.5099 80.85254 38.15803 142.2588 156.5723 368.2748 342.0115 507.4828 351.636 224.3706 26.55722 105.6732 67.34921 109.6322 122.9498 15.73783 31.11857 134.446 123.6989 223.0821 69.5591 67.8233 11.93286 7.316797 117.7522 117.5531 238.2679
-9999 -9999 1424.554 710.3403 4.391282 84.47552 79.58743 17.80622 250.6502 155.6069 183.0649 14.23249 193.0082 699.0184 427.9167 1020.652 679.5321 86.65591 443.5727 76.01582 160.0931 18.43772 37.62379 205.9012 31.81214 78.53306 99.37639 101.2116 74.53276 1.477376 55.21143 65.62263 31.60266 101.625 107.0967
-9999 -9999 -9999 -9999 703.8707 230.8124 22.54953 120.3283 177.9952 144.6216 103.4089 217.528 117.6835 631.2587 1307.737 1485.137 507.9701 177.6714 254.8364 4.386173 474.3976 50.53621 145.5137 80.20582 1.18809 89.34549 4.757388 44.40443 64.85737 25.93102 14.91585 263.4919 113.1874 237.0948 15.1829
-9999 -9999 -9999 -9999 1408.018 868.6626 32.12612 39.75407 122.6173 103.3201 274.5743 553.7888 189.6721 91.22398 1001.66 1222.134 772.9783 14.11667 36.77679 160.0141 82.96882 86.98634 240.5291 39.65288 60.61964 19.76469 31.57251 94.13507 45.17891 64.24235 1.746305 14.77211 158.2893 66.82558 61.07111
-9999 -9999 -9999 -9999 2180.811 1257.484 328.6591 191.474 55.60956 20.55953 341.4045 52.18171 460.4612 25.90841 73.4218 240.3884 680.8623 4.186057 262.1523 402.7524 202.3447 316.4347 157.4967 16.28786 18.12252 107.3977 99.05833 414.0551 158.8702 35.05069 155.6583 41.68074 26.96557 0.2811818 61.07634
-9999 -9999 -9999 -9999 -9999 929.5707 132.7776 150.6043 25.66997 396.1913 249.929 506.7088 20.30408 35.149 711.0311 94.95303 437.9688 60.43858 166.6888 276.0158 16.83319 182.0756 149.9879 124.4649 69.93602 109.2337 63.24864 422.6213 82.85657 26.68231 6.676989 4.766578 34.46394 66.04776 236.4604
-9999 -9999 -9999 -9999 -9999 -9999 75.73376 57.24786 38.59513 173.1191 11.79451 466.9608 123.7617 284.8218 285.6057 266.4041 96.18716 19.11379 69.91772 17.45623 145.1468 232.0087 23.01906 119.8632 37.96498 94.63479 23.51442 169.7722 25.32731 13.69324 63.28393 54.1275 219.8577 14.87992 63.70139
-9999 -9999 -9999 -9999 -9999 -9999 203.2671 83.27406 130.1193 218.0243 209.0849 746.7508 153.4192 864.0009 683.0714 73.97824 12.85255 170.7248 74.15774 143.5839 344.8166 91.12391 3.277497 68.63394 51.64061 110.7571 302.1416 98.65726 88.21787 10.43685 51.03401 72.81696 18.13948 38.37959 62.09986
-9999 -9999 -9999 -9999 -9999 -9999 -9999 189.6099 333.0028 196.6251 903.6143 1062.128 819.3767 366.2274 417.5831 89.40054 74.1388 115.014 28.56402 152.4096 88.7151 72.00476 150.6898 74.10827 353.0324 65.50794 185.913 72.31741 17.44249 1.390069 0.4777161 141.6383 2.416206 43.14866 213.1782
-9999 -9999 -9999 -9999 -9999 -9999 -9999 -9999 367.9178 12.46535 810.6592 133.7707 879.8366 464.9578 676.4215 52.08012 4.655341 12.56195 36.79129 16.19471 167.6692 27.92672 11.72173 88.47971 22.11604 19.4441 66.78896 45.8891 270.6262 12.2167 125.0309 15.43693 51.94895 218.8025 181.0539
-9999 -9999 -9999 -9999 344.5796 -9999 -9999 -9999 135.2133 78.82979 169.135 899.4739 1258.951 1289.933 408.3405 206.304 761.0231 142.7014 46.89723 108.0354 63.33281 23.22694 4.052659 164.1941 106.4005 3.854268 43.30636 141.5431 220.6366 148.5695 219.1433 92.13274 9.613717 175.6154 14.00049
-9999 -9999 -9999 -9999 422.4459 -9999 -9999 -9999 -9999 109.5191 564.7369 702.8353 731.1873 842.1671 205.604 6.2023 541.3579 172.4296 274.2321 2.529513 9.991332 205.2428 4.701175 5.387149 206.7393 77.48539 56.29032 90.01836 255.0038 32.4281 111.298 24.09945 303.7281 264.9026 8.828117
-9999 -9999 -9999 -9999 1043.186 -9999 -9999 -9999 -9999 142.1698 664.0696 215.8548 58.03193 950.6147 208.7742 229.2367 321.4626 97.25145 50.94622 100.0915 71.71722 30.80241 160.864 140.9353 318.2626 30.20693 5.427968 45.8589 147.4923 39.90858 63.01119 167.8318 7.705829 109.3183 86.80164
-9999 -9999 -9999 -9999 802.476 -9999 -9999 -9999 -9999 9.036817 738.0434 43.9221 24.45071 986.8261 1173.871 1223.422 637.8986 257.4006 85.85904 53.45271 103.0091 121.0593 78.09837 220.0729 216.4282 309.3954 222.7931 168.1505 75.07329 412.1075 89.2265 228.914 218.4897 99.39535 354.3465
-9999 -9999 -9999 -9999 519.6063 -9999 181.5507 -9999 -9999 44.53217 906.1614 227.0723 362.6053 1275.325 2170.432 2032.428 1343.522 414.5647 65.54643 482.7932 230.2692 66.59544 1.760363 38.0995 20.26949 12.87728 143.7045 33.25909 112.0598 105.9084 61.54088 84.78375 220.9049 17.14953 57.28535
-9999 -9999 -9999 -9999 790.6678 -9999 -9999 -9999 24.31459 80.05453 655.9975 931.5124 933.0876 1687.714 2551.407 1743.748 1009.337 259.8128 21.08154 86.83079 195.2102 70.38253 45.75227 20.177 53.22031 3.041663 87.07256 366.1862 299.2007 384.1549 56.89083 91.74828 361.5673 269.4793 125.7811
-9999 -9999 -9999 -9999 601.4731 158.3041 91.62834 215.1135 40.52119 368.1649 967.3737 1857.662 1859.105 2332.208 2005.18 1138.872 505.1172 3.972976 61.73255 98.70008 39.47303 259.61 139.6378 17.65616 44.07965 75.46235 37.57644 223.5367 28.94405 174.8297 7.705368 33.14384 188.0744 214.6156 55.57659
-9999 -9999 -9999 -9999 1242.33 386.9596 105.3777 37.72757 324.8019 344.9707 490.763 1463.431 1504.785 1921.886 1692.955 850.8154 56.42587 75.51424 35.83344 19.50334 76.6341 16.98493 22.37268 304.1563 71.15919 261.1851 71.81642 190.6694 148.8767 168.3984 56.88264 33.35274 131.3958 159.9205 760.1286
-9999 -9999 -9999 1169.031 459.2453 495.4217 718.5071 971.4116 241.2436 725.8555 917.4744 597.0023 554.0483 1267.494 756.0131 514.301 153.7769 128.5887 69.00848 4.673775 21.66002 9.168583 88.47757 215.2324 92.5586 108.514 10.43494 175.0118 104.6881 53.90919 180.8512 158.1603 308.7342 645.3092 553.3516
-9999 -9999 -9999 1193.767 -9999 326.4876 839.6359 1579.858 594.5623 372.7931 1300.751 742.6713 447.5452 1071.676 121.3679 59.43978 323.3782 183.598 152.1597 80.05833 33.13095 15.66132 339.8422 74.31422 12.79064 54.93273 126.5967 41.78397 24.43019 197.28 48.10902 34.56678 93.40709 101.3704 334.2842
-9999 -9999 -9999 1849.584 1375.055 688.0261 1009.931 1884.982 1297.461 1241.354 1786.635 1631.266 1432.429 1172.175 335.1769 40.23062 323.4102 129.9614 194.4877 240.1678 221.142 224.9363 42.94822 357.484 16.18223 27.5889 0.9383449 102.9785 270.5141 34.89901 406.596 32.65339 309.8337 268.2236 375.6573
-9999 -9999 -9999 2723.388 2049.877 1668.712 1826.18 2422.423 2239.042 2207.003 2586.925 1912.056 1358.285 1426.156 1055.207 863.1482 13.49024 24.88989 8.256037 54.31966 402.6422 47.15829 2.961397 0.1941681 255.6604 125.1549 209.9107 240.7717 91.27002 131.6998 180.233 329.7494 82.03121 204.0166 21.32013
-9999 -9999 -9999 -9999 2917.742 2663.798 2765.847 2756.836 2256.75 2141.422 2423.694 1436.41 502.2506 663.4411 73.00456 511.1868 173.13 42.78521 27.38808 198.3313 46.67518 39.94334 9.030932 26.4863 149.6369 30.40748 17.20736 352.8918 103.2244 68.25803 86.16971 92.93089 92.46381 367.5793 70.99205
-9999 -9999 -9999 -9999 2058.5 2160.231 2663.79 2084.645 1355.919 1153.814 1680.494 1571.811 787.0593 870.5873 945.7015 343.1385 60.85445 23.19868 62.19851 98.74811 13.71701 11.42621 16.01772 53.85962 37.89136 198.0615 68.13853 301.7344 361.1614 152.309 65.17886 42.40757 105.1771 284.7711 247.1822
-9999 -9999 -9999 -9999 1077.119 1260.699 2004.63 1758.222 764.274 273.7503 1233.537 1335.03 376.034 645.6517 769.9324 174.1473 56.00792 52.265 99.54624 252.8372 153.8333 38.94138 30.64128 82.95413 14.52832 201.7637 37.61908 389.9318 95.27615 15.9621 140.5579 346.7025 123.7715 351.1814 639.3955
-9999 -9999 -9999 -9999 288.0123 661.8753 1648.365 1958.811 1145.277 870.8234 1484.927 1545.573 864.8081 1017.784 811.5696 34.54912 134.5286 44.07396 99.16889 25.87704 158.3047 120.6756 247.3478 221.9548 173.1424 195.7163 4.85156 116.3738 93.9119 13.11493 269.804 166.1876 122.4403 110.41 287.9053
-9999 -9999 -9999 -9999 791.636 244.77 1205.065 2201.011 1462.308 787.0431 1019.369 1854.246 1831.498 1819.758 874.3101 138.6402 41.76865 15.55775 60.94728 25.54139 238.8526 120.1636 29.96596 136.6642 178.5806 52.49766 315.6395 197.2059 151.3593 76.24748 102.6814 38.0401 259.2943 174.678 248.5332
-9999 -9999 -9999 -9999 1153.096 875.8082 1469.459 1507.848 854.9 354.1796 745.8115 1193.371 1768.309 1047.583 619.9056 34.21923 112.0234 40.33008 92.68088 27.87779 142.9917 222.7465 126.5009 74.20055 93.00252 175.1544 44.14377 188.1603 155.3926 125.4946 35.8094 343.9155 10.96864 47.90609 82.82323
-9999 -9999 -9999 -9999 1255.316 568.008 742.7947 531.0938 510.6765 36.23676 234.4082 662.4503 1517.275 522.145 150.421 149.2491 137.4669 195.3808 2.436642 117.0921 22.99714 243.2879 214.7179 28.30999 114.5592 53.46092 83.8261 28.33952 183.4924 126.8016 88.62198 9.277041 54.14211 103.7773 306.6811
-9999 -9999 -9999 -9999 -9999 134.6644 321.0858 332.3574 678.1446 28.44091 783.8556 1181.137 1521.256 722.2359 86.69469 114.9816 148.6162 86.13852 67.59795 122.1037 280.2549 29.26034 26.74417 233.1098 131.4533 66.47147 57.63638 220.3632 179.087 134.1995 29.7931 398.2445 533.8973 293.3549 716.1351
-9999 -9999 -9999 -9999 -9999 186.8005 139.3083 455.571 1260.673 834.571 1016.194 1348.244 1254.934 320.3119 39.36812 3.672994 1.994514 43.99076 253.6393 16.64106 63.08714 160.9132 68.61221 10.41735 108.2356 115.4073 264.2231 103.1596 142.4084 131.3884 278.6006 49.69968 145.4608 198.263 582.053
-9999 -9999 -9999 -9999 -9999 282.1535 145.3719 700.2674 1581.6 1107.494 107.9563 892.2216 795.8741 10.53089 38.82246 40.01901 74.91337 78.06992 224.1016 14.04082 110.1643 31.92506 249.0855 36.84753 252.3382 88.43864 233.7522 221.1321 102.6249 45.74337 13.923 656.415 132.9146 33.32911 403.5199
-9999 -9999 -9999 -9999 -9999 767.4919 606.3681 1104.065 2017.036 1267.711 902.9406 976.5253 249.8692 504.6407 106.8917 9.599179 34.00189 176.6243 158.5383 47.46681 68.86809 344.3892 30.46826 83.8823 118.0771 68.36145 66.94698 25.17302 164.4211 437.8606 452.1392 575.502 212.4704 342.8773 109.0395
-9999 -9999 -9999 -9999 -9999 1755.729 1603.516 1850.011 1731.045 731.5556 271.7185 604.642 223.4395 144.8316 101.6699 5.156812 6.336228 31.11019 24.76884 27.08725 111.6683 175.9085 43.95737 50.38871 124.3823 233.1033 81.37218 158.1498 97.60648 349.2371 485.7184 676.5361 179.8763 63.91814 222.9615
-9999 -9999 -9999 -9999 -9999 2752.476 2602.854 2761.544 1828.106 920.2598 593.1145 363.0486 202.9947 179.3689 278.227 36.12278 103.5931 20.22533 74.74846 39.68898 38.36822 17.57381 43.11768 77.69751 155.1781 180.8063 238.1723 269.4381 15.70524 192.8193 545.8665 259.1853 314.2524 143.3189 83.09357
-9999 -9999 -9999 -9999 -9999 3750.955 2870.784 2029.906 1414.084 1350.565 380.0367 379.749 54.67316 57.5062 58.64516 91.1886 68.04346 101.9842 132.5923 26.48303 272.1519 182.9371 26.59695 141.8028 30.79388 13.86063 36.06112 13.53641 315.8093 118.9497 125.0209 219.1652 99.90632 308.0076 138.6843
-9999 -9999 -9999 -9999 -9999 3572.915 2577.758 1588.695 634.8764 531.2104 238.9758 543.1273 25.73432 58.43747 264.2012 470.5839 359.4322 398.1345 176.7948 47.83037 152.8186 209.3309 116.5378 110.2624 127.3343 15.17825 30.11423 2.151657 215.7908 31.47178 46.58404 405.7273 54.62535 58.22635 311.6573
-9999 -9999 -9999 -9999 -9999 2694.554 2175.344 1514.964 523.3189 91.89915 78.43332 679.1696 37.6808 76.91756 123.8012 28.3142 227.5764 67.70276 428.6377 147.7239 164.5859 59.74677 68.35864 43.94368 75.96696 32.04177 323.3128 15.68291 433.7027 387.0827 114.5261 166.4971 75.53854 9.283279 421.9519
-9999 -9999 -9999 -9999 -9999 1701.236 1459.299 830.8382 731.3113 4.884052 671.8453 675.1888 134.703 158.1317 55.31609 59.55344 121.0105 83.08148 41.46811 58.65732 105.9601 106.1364 0.2830524 223.4921 139.4376 106.3307 172.8355 8.533875 581.6142 17.72275 393.3738 311.8187 452.9327 118.0737 296.1847
-9999 -9999 -9999 -9999 -9999 -9999 1015.39 188.4439 65.32632 264.7248 38.02596 175.7713 76.61852 136.4157 10.10639 122.311 37.34713 282.162 217.5734 53.29875 185.716 36.74708 185.0667 158.2893 136.5054 104.6212 169.5368 274.4044 402.6147 101.3084 18.3208 220.2959 319.0744 209.4913 293.9161
-9999 -9999 -9999 -9999 -9999 379.6079 406.7094 12.16993 79.44814 63.63229 18.86238 375.9176 136.5401 207.563 23.76728 14.02002 186.1944 49.02783 140.619 53.37784 173.8918 83.33099 207.8689 122.0596 50.31319 176.914 158.2622 139.0114 70.91235 44.70246 42.1907 65.97708 63.90181 107.1038 194.3615
